extrinsics:
- - - 0.953046650204646
    - 0.2283645222321943
    - -0.19887616126465377
    - -259.01655625980976
  - - -0.11333564137495103
    - -0.34002310298208255
    - -0.9335627037497615
    - -153.94188498449637
  - - -0.2808150902779824
    - 0.9122685648558201
    - -0.2981760396947932
    - -1.6187626870782568
- - - 0.303256204886514
    - -0.02460678069751356
    - -0.9525912977460654
    - -180.99251285146417
  - - 0.9445830268038394
    - -0.12409739168897227
    - 0.303912393380216
    - -47.620368904583884
  - - -0.12569240101106327
    - -0.9919648903664373
    - -0.0143901566487573
    - 117.96722515811523
- - - 0.5217371668171049
    - -0.059834301416903476
    - -0.8510053966548106
    - -192.43959730436353
  - - 0.8394599668700051
    - -0.1417001068875453
    - 0.5246218101934651
    - 17.86785589701102
  - - -0.15197793518886188
    - -0.9880996589828426
    - -0.02370171162006516
    - 111.27671390136483
- - - 0.9933138623093469
    - -0.02143158283264143
    - 0.11343834537481055
    - -139.18748711059646
  - - -0.11338705836677168
    - -0.3658262044563156
    - 0.9237502709758826
    - 257.725174198066
  - - 0.021701288879176998
    - -0.9304363897604037
    - -0.3658103042160088
    - 133.51232565520226
- - - 0.8734437414590656
    - -0.0935414100280422
    - 0.4778556634758603
    - 21.66552821441016
  - - -0.48644607199326473
    - -0.21114832011575135
    - 0.8478128366300074
    - 240.7204647417115
  - - 0.021592812422480605
    - -0.9729678265607048
    - -0.22992903020155087
    - 134.94718688682565
- - - 0.4418843413072922
    - -0.1345936931256919
    - 0.8869175647590974
    - 117.71002510680121
  - - -0.8954394901762561
    - -0.12579815088311028
    - 0.42703974600413586
    - 169.01684680315512
  - - 0.05409573310629152
    - -0.9828831888913235
    - -0.17610874099406754
    - 120.22752953263834
- - - 0.39809568238088183
    - -0.1302379105498998
    - 0.9080517134642146
    - 122.32862993819823
  - - -0.9154501017288516
    - -0.11997465391033328
    - 0.38413173998477546
    - 153.98310130123636
  - - 0.058914674864039784
    - -0.984197220619268
    - -0.1669877001787031
    - 113.27215759895712
- - - 0.11987112296500921
    - -0.16627910827996178
    - 0.9787656369268023
    - 183.44153739688457
  - - -0.9872125526774527
    - 0.08438631502263631
    - 0.13524173051602031
    - 81.63496020525767
  - - -0.1050822997234791
    - -0.9824613010121678
    - -0.15403734059734916
    - 95.94565185011545
- - - 0.9233206376682426
    - 0.21497554832941038
    - 0.3182208567589169
    - -180.25674642464543
  - - 0.37071780835760176
    - -0.2826640771955716
    - -0.8846860042013279
    - -223.99856659218042
  - - -0.10023625403239207
    - 0.9348189841266838
    - -0.3406848401292733
    - -54.84055118781052
- - - 0.7494212911129365
    - -0.03787069403082803
    - -0.6610094847732841
    - -291.76487966899896
  - - -0.6394704197157733
    - -0.3001491434593029
    - -0.7078051101745306
    - -22.37969003084812
  - - -0.17159635991230024
    - 0.9531402321874103
    - -0.2491553472245341
    - -10.260986281993969
- - - 0.32814349192697473
    - 0.10240107145005857
    - -0.9390611637544443
    - -232.61827736884598
  - - -0.9222577570363283
    - -0.18033334909898235
    - -0.3419364162955821
    - 116.72965455727676
  - - -0.20435870006508766
    - 0.9782606522643261
    - 0.03526496758942158
    - -26.53305042388531
- - - 0.2744299873563293
    - -0.049077347300932
    - -0.960353891032628
    - -202.17598723764638
  - - -0.9461138955652957
    - -0.19233199167699744
    - -0.26053195887610453
    - 134.18284646727116
  - - -0.1719205591483048
    - 0.9801019431464583
    - -0.09921442628303179
    - -55.397347885189305
- - - -0.09430017961275482
    - 0.2818739856436949
    - -0.9548060181745508
    - -181.72942254045444
  - - -0.9799781545275786
    - -0.19521704886497254
    - 0.03915508244369107
    - 236.12295600087447
  - - -0.17535761395994043
    - 0.9393813709297141
    - 0.29463935103188016
    - -29.930414630700785
- - - -0.06316367139237078
    - -0.1922219735132927
    - -0.9793166308783342
    - -186.52470038812376
  - - 0.9713970076411784
    - 0.21322852492672786
    - -0.10450574004970456
    - -113.04615597156442
  - - 0.22890654023422144
    - -0.9579062109915705
    - 0.1732555533937426
    - 59.027147423323704
- - - 0.41892822756889225
    - 0.3848401031140865
    - -0.8224337269234071
    - -390.9627994798365
  - - -0.7253889633579138
    - -0.40296877578279705
    - -0.5580564645111143
    - 14.906359730950394
  - - -0.5461776194467486
    - 0.8303699541645597
    - 0.11034376845218649
    - 5.812545800279217
- - - 0.27791003464176306
    - -0.04049488468659836
    - -0.9597531854386488
    - -182.29629417772045
  - - 0.9537454697559699
    - -0.10757278208137365
    - 0.2807092365335315
    - -20.158944995895204
  - - -0.11461060843298436
    - -0.9933721663452689
    - 0.008726257223388207
    - 119.55388130586906
poly_incident_angle_to_radius:
- 0.0
- 48.82034838864752
- 58.39403508770328
- -30.868150883194957
- 6.056452297582212
poly_radius_to_z:
- 74.03770790799855
- 0.0
- -0.002671468202398069
- 3.62376949043709e-07
- -6.630196038162283e-08
principal_point:
- 324.47123894223927
- 247.71134766520768
