extrinsics:
- - - 0.9530466495272069
    - 0.22836452449167677
    - -0.1988761619165442
    - -259.0165559590195
  - - -0.11333564208508252
    - -0.3400231003994597
    - -0.9335627046041961
    - -153.94188482162747
  - - -0.28081509229050916
    - 0.9122685652528147
    - -0.2981760365848395
    - -1.618761486774172
- - - 0.3032562050494688
    - -0.024606782646596402
    - -0.9525912976438414
    - -180.99251235435676
  - - 0.9445830266022085
    - -0.12409739224811742
    - 0.3039123937785824
    - -47.62036872388178
  - - -0.12569240213316732
    - -0.9919648902481378
    - -0.014390155002434702
    - 117.96722594497398
- - - 0.5217371670118227
    - -0.05983430291710182
    - -0.8510053964299533
    - -192.43959686805783
  - - 0.8394599665089313
    - -0.14170010752983295
    - 0.5246218105977467
    - 17.867856091175376
  - - -0.15197793651481642
    - -0.9880996587998899
    - -0.02370171074501013
    - 111.27671465194965
- - - 0.9933138622650807
    - -0.021431584284852378
    - 0.11343834548806431
    - -139.1874866443125
  - - -0.11338705907337324
    - -0.36582620144167655
    - 0.9237502720830155
    - 257.7251740705264
  - - 0.021701287213424673
    - -0.9304363909122403
    - -0.36581030138513776
    - 133.51232636094412
- - - 0.8734437417675338
    - -0.09354140894786928
    - 0.4778556631234763
    - 21.665528291432228
  - - -0.4864460714611915
    - -0.21114831751386906
    - 0.8478128375832933
    - 240.7204644406288
  - - 0.021592811931363934
    - -0.9729678272291998
    - -0.22992902741886875
    - 134.94718718566435
- - - 0.44188434215467537
    - -0.1345936908540224
    - 0.886917564681646
    - 117.71002489277222
  - - -0.8954394897188869
    - -0.12579815068624783
    - 0.4270397470211631
    - 169.01684681673623
  - - 0.054095733755155334
    - -0.9828831892275967
    - -0.1761087389179748
    - 120.22752962469634
- - - 0.39809567884817726
    - -0.1302379098369593
    - 0.9080517151152289
    - 122.32863030490141
  - - -0.9154501027276478
    - -0.11997466188860775
    - 0.38413173511264764
    - 153.98310300254468
  - - 0.05891468321520423
    - -0.9841972197410509
    - -0.16698770240840435
    - 113.27215625298085
- - - 0.11987112436950137
    - -0.1662791078508991
    - 0.9787656368276835
    - 183.44153732743425
  - - -0.987212552615456
    - 0.08438631384714142
    - 0.13524173170204307
    - 81.63496044569482
  - - -0.1050822987037645
    - -0.9824613011857519
    - -0.1540373401858523
    - 95.94565187166042
- - - 0.9233206372742094
    - 0.21497555007804947
    - 0.3182208567209073
    - -180.25674624139734
  - - 0.3707178086530418
    - -0.2826640745959247
    - -0.8846860049081345
    - -223.99856664093286
  - - -0.10023625656934065
    - 0.9348189845106215
    - -0.34068483832935065
    - -54.84055013196672
- - - 0.7494212904712415
    - -0.037870690813249445
    - -0.6610094856851498
    - -291.7648793875614
  - - -0.6394704202022148
    - -0.30014914112863555
    - -0.7078051107233864
    - -22.37968988394183
  - - -0.17159636090203562
    - 0.9531402330491928
    - -0.2491553432461537
    - -10.260985144489123
- - - 0.3281434909849406
    - 0.10240107422332044
    - -0.939061163781213
    - -232.61827706708755
  - - -0.9222577573764262
    - -0.1803333481031481
    - -0.341936415903474
    - 116.72965469531137
  - - -0.20435870004289267
    - 0.978260652157603
    - 0.03526497067856699
    - -26.53304955570515
- - - 0.27442998678546787
    - -0.04907734561614477
    - -0.9603538912818553
    - -202.17598697294963
  - - -0.9461138957547632
    - -0.19233199102268375
    - -0.2605319586710909
    - 134.18284658551423
  - - -0.1719205590168689
    - 0.9801019433592221
    - -0.0992144244089715
    - -55.39734713294764
- - - -0.09430018067026658
    - 0.28187398746972614
    - -0.9548060175310333
    - -181.72942215773648
  - - -0.9799781545106724
    - -0.19521704879810745
    - 0.0391550832001968
    - 236.12295611425967
  - - -0.1753576134857339
    - 0.9393813703956844
    - 0.29463935301672445
    - -29.93041387488278
- - - -0.06316367003148234
    - -0.1922219750563205
    - -0.9793166306632405
    - -186.52470011213734
  - - 0.9713970077952608
    - 0.21322852472499823
    - -0.10450573902908322
    - -113.04615582547892
  - - 0.22890653995586935
    - -0.9579062107268376
    - 0.17325555522517544
    - 59.02714834704572
- - - 0.4189282198052314
    - 0.38484011960569225
    - -0.8224337231611405
    - -390.96279768094126
  - - -0.725388965813861
    - -0.4029687688677472
    - -0.5580564663120647
    - 14.9063600176661
  - - -0.5461776221398277
    - 0.8303699498772148
    - 0.11034378738558465
    - 5.812547358174851
- - - 0.277910034816508
    - -0.04049488669940611
    - -0.9597531853031226
    - -182.29629364030882
  - - 0.9537454695993066
    - -0.10757278240753883
    - 0.2807092369408222
    - -20.15894484296421
  - - -0.11461060931295042
    - -0.9933721662278958
    - 0.008726259027308045
    - 119.55388208311902
poly_incident_angle_to_radius:
- 0.0
- 48.82035292204958
- 58.39402706981654
- -30.868146003582314
- 6.05645130599708
poly_radius_to_z:
- 74.03770964571453
- 0.0
- -0.002671468680758664
- 3.623815223937446e-07
- -6.630197234481996e-08
principal_point:
- 324.47123876159134
- 247.71134756352262
