extrinsics:
- - - 0.9619545496765004
    - 0.0981864976578995
    - -0.25495657676231104
    - -416.63320052513257
  - - 0.07283430387098888
    - 0.807257375161724
    - 0.5856882228853778
    - -215.12637008898116
  - - 0.26332225226195627
    - -0.5819750354823466
    - 0.7693935595902868
    - 640.4973803341514
- - - 0.9988625567465456
    - -0.016212139688847237
    - -0.044841490346133814
    - 576.9751647525253
  - - 0.03386482000447604
    - 0.9032429125310666
    - 0.4277913217077467
    - -262.242442502702
  - - 0.03356734567727296
    - -0.4288232823542883
    - 0.902764546166428
    - 923.1995442041676
- - - 0.961676113184658
    - 0.0478460711628792
    - -0.2699811230518272
    - -577.6406978934122
  - - 0.07534661151795366
    - 0.9006343730148703
    - 0.42799604469769825
    - -337.5109115030798
  - - 0.26363220869766985
    - -0.4319357355190565
    - 0.8625135239048719
    - 709.0051218700338
- - - 0.8901913141541359
    - -0.15755862052383288
    - 0.427474800781472
    - -296.18792803836277
  - - -0.05258022716002687
    - 0.8964939473259825
    - 0.43992490509140114
    - -298.03386809221445
  - - -0.4525425327152492
    - -0.4140940515227251
    - 0.7897666570431817
    - 876.7245576915219
- - - 0.674065525162759
    - 0.1798072293775933
    - -0.716453088520531
    - -425.85411977592395
  - - 0.1465354688505599
    - 0.9180947558171122
    - 0.3682789373693038
    - -363.6708576541566
  - - 0.7239910387261715
    - -0.3532299245600103
    - 0.592507887069471
    - 527.1594561435103
- - - -0.9996624545117224
    - 0.021294073838205686
    - -0.014884201657168396
    - 679.2304628688626
  - - -0.02563906719587059
    - -0.9011354237353805
    - 0.4327789115964195
    - -67.137919746932
  - - -0.0041970552681428455
    - 0.43301444607383366
    - 0.9013772097287835
    - 506.0047687882811
- - - 0.7677916521907219
    - -0.21018533642419543
    - 0.6052421855575577
    - 408.9058384264984
  - - -0.08804818430934613
    - 0.9010810840013086
    - 0.4246179427377667
    - -247.02297166618516
  - - -0.6346207497916131
    - -0.3793085873102185
    - 0.6733360970025721
    - 1042.1456989854075
- - - 0.10152682888512388
    - 0.2821331885598143
    - -0.9539880329069138
    - -1112.4210602829794
  - - 0.16653546875385938
    - 0.9405914804866565
    - 0.29589458339559416
    - -452.92135217814933
  - - 0.9807946985294442
    - -0.18891408298216458
    - 0.04851008748234452
    - 125.77448698672045
- - - 0.7057731282158016
    - -0.26244962565582325
    - 0.6580307633246335
    - 1064.9844895801912
  - - -0.09998194602503387
    - 0.8826504415035655
    - 0.45927313069959613
    - -232.47902400040658
  - - -0.7013472049973027
    - -0.389933830420854
    - 0.5967107389144191
    - 975.1543283335952
- - - 0.9849236639586294
    - -0.024816712000774177
    - -0.1712001956184044
    - -412.1502297720187
  - - 0.11352232361741267
    - 0.8394722760369917
    - 0.5314122503346872
    - -350.293347458426
  - - 0.1305299131035209
    - -0.5428355446824972
    - 0.8296333607169158
    - 724.0010495888793
- - - 0.9413818739091572
    - 0.16104481893637795
    - -0.29641986061840214
    - -548.3748337035378
  - - 0.04099040982224871
    - 0.8175719991244014
    - 0.5743655739599426
    - -339.58870120805756
  - - 0.33484317788763124
    - -0.5528477118895214
    - 0.7630461674634328
    - 569.6923182308335
- - - 0.9386721003831997
    - 0.13111209210066035
    - -0.31891112753740736
    - -573.074683922683
  - - 0.08348667462312884
    - 0.8109476272534347
    - 0.5791320410859656
    - -251.7416371304423
  - - 0.3345514356904844
    - -0.5702399189437832
    - 0.7502678000023881
    - 458.9012396825304
- - - -0.66880206440472
    - -0.2138573567535092
    - -0.7120174363106471
    - 58.46743083755708
  - - -0.09849775709830635
    - -0.9238007961257412
    - 0.3699868658804657
    - -68.41945985344125
  - - -0.7368866876898967
    - 0.31758010019497285
    - 0.596775409568427
    - 752.5599879967499
- - - 0.6067075189359873
    - 0.18460160648420065
    - -0.7731935290404279
    - -521.0127015365106
  - - 0.19405992482511014
    - 0.9088381055622837
    - 0.369261483849632
    - -407.916145044955
  - - 0.7708740052975009
    - -0.37407959682587816
    - 0.5155751382632573
    - 414.487198095665
- - - 0.9480821817968828
    - -0.16681611125977186
    - 0.2707629250533208
    - -278.37280541536416
  - - 0.02176993214959673
    - 0.8834327341142321
    - 0.4680519996214675
    - -351.17400933966076
  - - -0.3172794456208355
    - -0.4378572704884777
    - 0.8411984094533914
    - 691.6148792772534
- - - 0.9837029721420437
    - 0.034427938835965864
    - -0.17647430302006373
    - -752.8039474533624
  - - 0.06208347491742377
    - 0.8560933165838002
    - 0.5130788199124253
    - -260.95202132677946
  - - 0.16874271759423543
    - -0.5156732980561008
    - 0.8400041338772422
    - 1146.6997028491091
- - - 0.5808979990153955
    - 0.28392048866637337
    - -0.7628542920213252
    - -1502.175830669827
  - - 0.14934105480981202
    - 0.8841107804680078
    - 0.44277011779087144
    - -374.09966982465363
  - - 0.8001592117123956
    - -0.371129740085185
    - 0.47117719802225205
    - 624.1925499752283
- - - 0.7255965690554341
    - -0.3030217691411791
    - 0.6178085677631319
    - 759.4456463309983
  - - -0.09391663412208588
    - 0.8458094308208166
    - 0.5251533800421974
    - -193.4641637408779
  - - -0.6816812193468151
    - -0.4390719920025829
    - 0.585257636454855
    - 1214.9993509075505
- - - 0.874308987226488
    - -0.15229905188335083
    - 0.460856586858022
    - 108.59948305888408
  - - -0.05102411928684017
    - 0.9153950330970064
    - 0.3993099956579261
    - -330.5609432844729
  - - -0.4826803643261195
    - -0.3726351193550644
    - 0.7925671793086324
    - 636.1028168863938
- - - 0.9610848822093246
    - 0.10201953364928844
    - -0.2567252693886422
    - -181.04388868549327
  - - 0.07039914271225496
    - 0.8081818613379731
    - 0.5847102185781172
    - -215.09385049789978
  - - 0.26713256988631834
    - -0.580029390426271
    - 0.7695492812989042
    - 588.3080359107155
- - - 0.9988972347743683
    - -0.02662036318278662
    - -0.038673901072134156
    - -204.8702697166827
  - - 0.03538595813082451
    - 0.9682398455404335
    - 0.24750643521937124
    - -188.19059520653943
  - - 0.030856900804912657
    - -0.24860200677358546
    - 0.9681140913657144
    - 227.74969996071087
- - - 0.9971810923858412
    - -0.05307322477872708
    - 0.053038682108127275
    - 371.09581294663076
  - - 0.010782400256406564
    - 0.8008997890563403
    - 0.5987013176319397
    - -171.01692993794347
  - - -0.0742536789182254
    - -0.5964417496294978
    - 0.7992143832952534
    - 735.066790362383
- - - 0.9380505456406408
    - -0.17869748500759775
    - 0.2968642495742039
    - 929.3864561346509
  - - -0.03601810524458151
    - 0.8018257400105959
    - 0.5964714400128901
    - -127.65386843360056
  - - -0.3446213428066897
    - -0.5702128475476675
    - 0.7457167281037048
    - 882.1772190291412
- - - 0.8820969258268638
    - 0.0850959821727565
    - -0.46331812749432794
    - -883.5161423713279
  - - 0.10820533438293388
    - 0.9206470871902075
    - 0.37510071508764686
    - -406.60614721145345
  - - 0.45847204828416094
    - -0.38100868056547005
    - 0.8028921261762914
    - 388.1384795027246
- - - 0.9504471054464825
    - 0.04246853777188916
    - -0.30797195172275144
    - -487.5867646488819
  - - 0.08586313892268203
    - 0.9162347781924977
    - 0.3913327900967271
    - -372.4722955710071
  - - 0.2987939442538073
    - -0.39838455608879025
    - 0.8671862108839085
    - 509.440939747466
- - - 0.9727785952590978
    - 0.0256826139165209
    - -0.23030894022627849
    - -153.31716498335322
  - - 0.07007795703599534
    - 0.9147060104502285
    - 0.3979974803737932
    - -352.24866506361957
  - - 0.22088658751358756
    - -0.40330300989286144
    - 0.8880066428062127
    - 552.7602106183327
poly_incident_angle_to_radius:
- 0.0
